331 641
559.500 0.500 1212.804 1
374.500 4.500 1159.198 0
590.500 0.500 1206.169 0
541.167 91.833 1237.226 2
491.500 134.500 1235.345 1
487.833 201.167 1247.954 2
493.167 117.833 1236.022 2
513.500 107.500 1235.483 1
495.833 117.167 1236.016 2
495.500 117.500 1236.016 1
765.500 6.500 1240.948 1
764.500 6.500 1240.947 0
770.500 2.500 1240.889 0
785.167 111.833 1253.573 2
761.500 8.500 1240.964 1
760.500 8.500 1240.961 0
803.500 4.500 1242.211 1
970.500 0.500 1171.970 0
723.500 9.500 1243.264 1
723.833 1.167 1243.351 2
723.500 0.500 1243.342 1
717.500 45.500 1243.551 1
724.500 54.500 1243.217 0
715.833 59.167 1243.646 2
715.500 71.500 1243.607 1
763.167 215.833 1267.832 2
487.500 201.500 1247.947 1
485.833 203.167 1247.966 2
483.500 203.500 1247.987 1
439.167 231.833 1250.538 2
435.500 239.500 1250.543 1
437.167 237.833 1250.543 2
417.167 293.833 1260.279 2
437.500 235.500 1250.559 1
437.833 233.167 1250.548 2
439.500 233.500 1250.554 1
783.500 126.500 1252.737 1
781.833 111.167 1253.567 2
783.500 111.500 1253.581 1
389.500 322.500 1259.287 1
388.500 322.500 1259.286 0
392.500 320.500 1259.275 0
605.833 553.167 1303.638 2
383.833 309.167 1260.053 2
393.500 318.500 1259.298 1
394.500 318.500 1259.297 0
380.500 325.500 1259.360 1
380.500 326.500 1259.360 0
419.167 375.833 1271.077 2
369.500 321.500 1259.559 1
353.833 331.167 1260.035 2
411.500 308.500 1259.606 1
412.500 308.500 1259.604 0
413.167 293.833 1260.305 2
415.500 306.500 1259.625 1
416.500 306.500 1259.622 0
418.500 305.500 1259.633 1
360.500 339.500 1259.676 1
477.833 539.167 1299.107 2
385.500 309.500 1260.071 1
387.833 309.167 1260.077 2
393.500 305.500 1260.086 1
395.833 305.167 1260.087 2
391.833 307.167 1260.080 2
389.500 307.500 1260.085 1
397.500 303.500 1260.097 1
399.167 301.833 1260.109 2
401.500 301.500 1260.129 1
415.500 293.500 1260.309 1
706.500 261.500 1265.070 1
708.500 264.500 1265.061 0
677.167 307.833 1272.518 2
715.500 269.500 1265.128 1
734.500 288.500 1263.484 0
551.500 306.500 1265.157 1
544.500 340.500 1262.458 0
577.167 311.833 1267.321 2
781.500 242.500 1265.338 1
849.833 361.167 1276.065 2
590.500 329.500 1266.063 1
477.500 296.500 1267.428 1
476.500 296.500 1267.427 0
471.833 289.167 1267.883 2
475.500 296.500 1267.430 1
473.500 289.500 1267.915 1
475.833 289.167 1267.906 2
475.500 287.500 1267.906 1
475.833 287.167 1267.915 2
415.500 388.500 1270.634 1
424.500 388.500 1270.532 0
415.833 375.167 1271.073 2
433.500 403.500 1270.892 1
436.500 418.500 1270.747 0
427.500 371.500 1270.989 1
417.500 375.500 1271.089 1
998.500 369.500 1272.109 1
998.500 518.500 1239.346 0
969.833 361.167 1274.924 2
677.500 316.500 1272.429 1
681.167 361.833 1274.094 2
706.500 385.500 1273.044 1
706.500 390.500 1273.014 0
725.833 485.167 1284.827 2
687.167 409.833 1277.685 2
806.500 715.500 1273.110 1
806.500 716.500 1273.107 0
869.833 743.167 1288.697 2
743.167 713.833 1286.808 2
884.500 353.500 1273.649 1
915.167 341.833 1279.492 2
683.500 372.500 1273.792 1
954.500 365.500 1274.390 1
839.500 381.500 1275.300 1
793.833 445.167 1279.518 2
689.500 416.500 1277.643 1
611.167 617.833 1307.125 2
772.500 435.500 1277.691 1
772.500 436.500 1277.690 0
793.833 447.167 1279.508 2
812.500 447.500 1278.881 1
812.500 446.500 1278.881 0
810.500 448.500 1278.878 0
741.167 553.833 1288.895 2
813.500 446.500 1278.884 1
783.500 469.500 1279.071 1
786.500 470.500 1279.061 0
797.500 462.500 1279.171 1
796.500 462.500 1279.170 0
796.500 463.500 1279.172 1
793.500 445.500 1279.516 1
797.500 877.500 1279.647 1
810.500 890.500 1279.299 0
832.500 919.500 1280.061 1
832.500 924.500 1280.040 0
721.500 493.500 1284.722 1
705.833 561.167 1290.760 2
858.500 777.500 1285.911 1
858.500 782.500 1285.902 0
957.833 781.167 1293.752 2
845.167 777.833 1286.468 2
847.500 788.500 1286.078 1
743.500 717.500 1286.815 1
713.167 731.833 1289.596 2
731.500 575.500 1287.623 1
730.500 574.500 1287.622 0
715.833 623.167 1294.263 2
708.500 707.500 1287.636 1
680.500 718.500 1286.782 0
693.833 673.167 1291.399 2
882.500 751.500 1288.284 1
728.500 555.500 1288.352 1
893.500 816.500 1288.720 1
910.500 808.500 1288.135 0
995.833 829.167 1293.429 2
711.500 737.500 1289.588 1
713.167 735.833 1289.595 2
711.167 739.833 1289.580 2
709.500 741.500 1289.593 1
523.833 705.167 1315.844 2
713.500 733.500 1289.604 1
707.500 657.500 1290.313 1
698.500 648.500 1290.194 0
699.500 567.500 1290.641 1
689.500 670.500 1291.384 1
993.500 856.500 1292.106 1
998.500 856.500 1292.056 0
971.500 794.500 1292.232 1
970.500 794.500 1292.228 0
994.500 774.500 1291.685 0
969.500 794.500 1292.232 1
692.500 609.500 1292.497 1
998.500 827.500 1293.397 1
969.500 767.500 1293.698 1
969.833 765.167 1293.701 2
963.167 771.833 1293.736 2
971.500 765.500 1293.700 1
995.833 735.167 1295.952 2
963.500 773.500 1293.750 1
963.167 775.833 1293.754 2
961.500 775.500 1293.769 1
961.167 777.833 1293.772 2
957.500 779.500 1293.772 1
959.833 779.167 1293.774 2
959.500 777.500 1293.780 1
998.500 735.500 1295.924 1
536.500 537.500 1298.961 1
542.500 550.500 1297.923 0
503.167 545.833 1299.995 2
482.500 541.500 1299.077 1
503.500 558.500 1299.241 1
495.833 593.167 1305.333 2
523.500 569.500 1300.252 1
530.500 580.500 1299.134 0
599.500 569.500 1300.954 1
337.500 581.500 1303.677 1
339.167 577.833 1303.697 2
215.167 733.833 1334.887 2
389.500 606.500 1304.793 1
425.167 663.833 1317.263 2
387.167 597.833 1304.990 2
365.500 618.500 1305.066 1
362.500 626.500 1305.011 0
497.500 600.500 1305.245 1
509.833 679.167 1317.302 2
547.500 997.500 1305.297 1
549.167 997.833 1305.287 2
611.500 625.500 1306.993 1
601.167 641.833 1308.525 2
597.500 645.500 1308.501 1
571.167 685.833 1314.050 2
188.500 641.500 1312.615 1
185.167 635.833 1312.796 2
561.500 689.500 1313.837 1
525.167 679.833 1317.154 2
436.500 717.500 1314.520 1
438.500 726.500 1314.357 0
451.167 717.833 1314.897 2
397.167 715.833 1321.344 2
453.500 724.500 1314.832 1
484.500 712.500 1313.707 0
489.167 803.833 1324.317 2
451.500 711.500 1314.876 1
447.167 673.833 1317.196 2
539.500 716.500 1315.388 1
539.833 721.167 1315.418 2
539.500 721.500 1315.417 1
501.167 745.833 1320.678 2
515.500 700.500 1315.796 1
486.500 679.500 1316.083 1
475.167 681.833 1316.145 2
473.500 681.500 1316.148 1
445.500 975.500 1316.529 1
440.500 974.500 1316.490 0
311.167 991.833 1336.793 2
436.500 669.500 1317.057 1
520.500 677.500 1317.151 1
538.500 849.500 1317.547 1
538.500 850.500 1317.547 0
547.833 893.167 1320.570 2
537.500 850.500 1317.552 1
526.500 862.500 1317.318 0
467.167 839.833 1322.883 2
452.500 941.500 1318.200 1
460.500 932.500 1318.049 0
461.167 945.833 1318.353 2
467.500 941.500 1318.224 1
489.167 923.833 1319.677 2
366.500 739.500 1319.227 1
384.500 758.500 1317.803 0
383.167 739.833 1320.255 2
351.833 755.167 1320.834 2
408.500 743.500 1319.302 1
457.167 773.833 1323.259 2
481.500 910.500 1319.459 1
441.833 895.167 1323.167 2
336.500 743.500 1319.543 1
330.500 772.500 1316.511 0
323.833 735.167 1320.090 2
496.500 923.500 1319.610 1
511.833 925.167 1320.009 2
387.500 731.500 1319.823 1
447.500 815.500 1319.908 1
446.500 808.500 1319.868 0
446.500 822.500 1319.884 0
399.167 797.833 1323.854 2
315.500 737.500 1319.935 1
521.500 917.500 1319.941 1
515.167 921.833 1319.995 2
515.500 923.500 1320.006 1
513.167 923.833 1320.012 2
513.500 925.500 1320.015 1
440.500 837.500 1320.327 1
426.500 856.500 1319.171 0
475.167 867.833 1323.714 2
357.500 764.500 1320.573 1
317.500 811.500 1320.662 1
312.500 806.500 1320.558 0
332.500 826.500 1319.828 0
331.833 809.167 1321.376 2
235.167 929.833 1339.860 2
499.500 745.500 1320.704 1
497.833 747.167 1320.704 2
495.500 747.500 1320.716 1
316.500 797.500 1320.805 1
356.500 827.500 1321.017 1
337.833 891.167 1332.249 2
389.500 827.500 1321.183 1
457.500 885.500 1321.971 1
431.500 905.500 1322.012 1
477.500 823.500 1322.266 1
431.500 785.500 1322.461 1
469.500 850.500 1322.867 1
469.500 776.500 1323.033 1
268.500 835.500 1325.080 1
268.500 834.500 1325.079 0
266.500 836.500 1325.063 0
157.167 791.833 1342.434 2
271.500 832.500 1325.106 1
352.500 921.500 1327.134 1
340.500 926.500 1326.768 0
321.500 897.500 1331.411 1
213.500 733.500 1334.896 1
213.167 735.833 1334.890 2
211.500 735.500 1334.925 1
175.167 775.833 1341.489 2
309.500 998.500 1336.493 1
227.500 933.500 1339.773 1
191.833 935.167 1345.601 2
175.500 777.500 1341.511 1
173.833 777.167 1341.494 2
173.500 779.500 1341.518 1
173.167 781.833 1341.515 2
171.500 781.500 1341.535 1
145.500 797.500 1341.655 1
119.167 829.833 1347.022 2
133.500 917.500 1344.367 1
138.500 932.500 1343.972 0
161.833 919.167 1346.644 2
9.833 995.167 1372.073 2
153.500 938.500 1344.761 1
186.500 929.500 1345.488 1
125.500 851.500 1345.948 1
133.167 841.833 1346.299 2
65.167 873.833 1354.490 2
129.500 838.500 1346.248 1
69.500 880.500 1354.139 1
53.167 907.833 1356.085 2
51.500 911.500 1356.056 1
0.500 995.500 1371.119 1
0.500 998.500 1371.019 0
11.500 998.500 1372.021 1
0 1
0 2
0 3
4 1
4 2
4 5
4 6
7 1
7 2
7 3
7 8
9 1
9 2
9 8
9 6
10 11
10 12
10 13
14 15
14 11
14 13
16 12
16 17
16 13
18 2
18 15
18 19
18 13
20 2
20 15
20 19
21 2
21 22
21 13
21 23
24 2
24 22
24 23
24 25
26 1
26 2
26 5
26 27
28 1
28 2
28 27
28 29
30 1
30 2
30 31
30 32
33 1
33 2
33 34
33 31
35 1
35 2
35 29
35 34
36 22
36 17
36 25
36 37
38 22
38 17
38 13
38 37
39 40
39 41
39 42
39 43
44 41
44 45
44 42
44 43
46 40
46 47
46 48
46 43
49 1
49 47
49 43
49 50
51 45
51 52
51 42
51 53
54 52
54 55
54 42
54 53
56 2
56 55
56 42
56 53
57 47
57 1
57 58
57 50
59 1
59 45
59 60
59 43
61 1
61 45
61 62
61 63
64 1
64 45
64 63
64 60
65 1
65 45
65 66
65 62
67 1
67 45
67 53
67 66
68 1
68 2
68 32
68 53
69 2
69 70
69 25
69 71
72 70
72 73
72 25
72 71
74 75
74 2
74 76
74 42
77 73
77 17
77 78
77 25
79 2
79 75
79 42
79 76
80 81
80 2
80 42
80 82
83 2
83 81
83 42
83 82
84 2
84 2
84 85
84 82
86 2
86 2
86 87
86 85
88 47
88 89
88 58
88 90
91 89
91 92
91 42
91 58
93 40
93 89
93 42
93 48
94 47
94 89
94 48
94 90
95 17
95 96
95 97
98 2
98 73
98 99
98 71
100 73
100 101
100 102
100 103
104 96
104 105
104 106
104 107
108 17
108 96
108 109
108 78
110 2
110 73
110 103
110 99
111 17
111 96
111 97
111 109
112 73
112 96
112 78
112 113
114 2
114 101
114 115
114 103
116 73
116 117
116 118
116 102
119 120
119 121
119 122
119 113
123 120
123 96
123 122
123 113
124 117
124 125
124 118
124 122
126 127
126 121
126 122
126 118
128 127
128 125
128 122
128 118
129 73
129 121
129 113
129 118
130 105
130 131
132 131
132 133
134 101
134 117
134 102
134 135
136 105
136 137
136 138
136 139
140 105
140 137
140 139
141 96
141 105
141 107
141 142
143 144
143 96
143 122
143 145
146 96
146 147
146 142
146 148
149 96
149 105
149 138
149 106
150 117
150 144
150 122
150 135
151 137
151 152
151 153
151 138
154 147
154 105
154 155
154 156
157 147
157 105
157 156
157 158
159 147
159 105
159 142
159 155
160 161
160 96
160 145
160 148
162 101
162 144
162 135
162 115
163 147
163 161
163 148
163 115
164 137
164 165
164 153
166 167
166 168
166 153
166 138
169 152
169 167
169 153
169 138
170 144
170 161
170 145
170 115
171 168
171 165
171 153
172 96
172 168
172 173
172 174
175 96
175 168
175 176
175 173
177 96
177 168
177 174
177 178
179 96
179 168
179 178
179 180
181 96
181 168
181 182
181 138
183 96
183 168
183 180
183 182
184 96
184 168
184 176
185 92
185 186
185 42
185 187
188 92
188 1
188 187
188 58
189 1
189 186
189 190
189 187
191 186
191 192
191 115
191 190
193 186
193 2
193 42
193 115
194 1
194 1
194 195
194 196
197 1
197 1
197 198
197 199
200 201
200 1
200 198
200 196
202 1
202 192
202 203
202 190
204 105
204 105
204 205
206 192
206 147
206 115
206 207
208 192
208 147
208 207
208 209
210 1
210 1
210 196
210 211
212 192
212 147
212 209
212 213
214 201
214 215
214 216
214 217
218 215
218 219
218 220
218 216
221 201
221 219
221 222
221 216
223 219
223 105
223 224
223 158
225 219
225 105
225 224
225 226
227 219
227 147
227 158
227 203
228 1
228 219
228 203
228 229
230 1
230 219
230 229
230 222
231 232
231 105
231 233
234 1
234 201
234 222
234 198
235 192
235 147
235 213
235 203
236 105
236 237
236 238
236 220
239 240
239 237
239 238
239 241
242 243
242 105
242 244
242 233
245 243
245 105
245 246
245 244
247 201
247 248
247 249
247 250
251 215
251 248
251 252
251 217
253 243
253 240
253 246
253 254
255 201
255 256
255 250
255 257
258 240
258 105
258 259
258 246
260 201
260 248
260 217
260 249
261 262
261 263
261 241
261 264
265 201
265 256
265 257
265 196
266 240
266 105
266 238
266 267
268 240
268 105
268 267
268 269
270 240
270 105
270 269
270 259
271 263
271 272
271 273
271 264
274 256
274 248
274 264
274 250
275 276
275 277
275 278
275 279
280 219
280 105
280 226
280 281
282 219
282 105
282 281
282 220
283 256
283 276
283 278
283 196
284 256
284 277
284 285
284 278
286 256
286 272
286 264
286 285
287 272
287 240
287 273
287 254
288 272
288 243
288 254
288 233
289 262
289 237
289 220
289 241
290 248
290 262
290 252
290 264
291 263
291 240
291 273
291 241
292 262
292 215
292 220
292 252
293 294
293 295
293 279
293 296
297 294
297 276
297 279
297 296
298 272
298 299
298 233
298 285
300 277
300 299
300 285
300 279
301 1
301 276
301 196
301 302
303 1
303 276
303 302
303 304
305 299
305 232
305 233
306 295
306 299
306 279
306 307
308 1
308 276
308 304
308 309
310 1
310 276
310 309
310 311
312 1
312 276
312 311
312 296
313 1
313 295
313 296
313 314
315 295
315 316
315 317
315 318
319 316
319 299
319 318
319 317
320 295
320 299
320 307
320 317
321 1
321 295
321 322
321 323
324 1
324 295
324 322
324 314
325 1
325 295
325 326
325 323
327 1
327 295
327 326
327 318
328 1
328 329
328 318
330 329
330 299
330 318
