299 577
559.500 0.500 1212.804 1
374.500 4.500 1159.198 0
590.500 0.500 1206.169 0
539.833 91.833 1237.252 2
491.500 135.500 1235.338 1
437.833 233.833 1250.581 2
493.167 119.167 1236.044 2
514.500 107.500 1235.505 1
803.500 4.500 1242.211 1
770.500 2.500 1240.889 0
970.500 0.500 1171.970 0
783.833 111.833 1253.587 2
723.500 8.500 1243.264 1
725.167 1.167 1243.349 2
723.500 0.500 1243.342 1
717.500 46.500 1243.555 1
724.500 54.500 1243.217 0
715.833 57.833 1243.645 2
715.500 70.500 1243.608 1
435.500 238.500 1250.557 1
415.167 293.167 1260.330 2
783.500 126.500 1252.737 1
763.833 215.833 1267.840 2
369.500 322.500 1259.572 1
392.500 320.500 1259.275 0
387.167 309.167 1260.092 2
355.167 331.167 1260.046 2
417.500 305.500 1259.622 1
605.833 551.833 1303.612 2
359.500 339.500 1259.668 1
159.167 791.167 1342.464 2
388.500 307.500 1260.100 1
391.167 307.167 1260.097 2
392.500 305.500 1260.100 1
395.167 305.167 1260.100 2
396.500 303.500 1260.105 1
706.500 261.500 1265.070 1
708.500 264.500 1265.061 0
679.167 307.167 1272.538 2
714.500 269.500 1265.134 1
734.500 288.500 1263.484 0
551.500 307.500 1265.147 1
544.500 340.500 1262.458 0
577.833 311.833 1267.316 2
691.500 253.500 1265.165 1
691.833 251.833 1265.153 2
781.500 241.500 1265.332 1
849.833 361.833 1276.063 2
589.500 329.500 1266.048 1
477.500 295.500 1267.426 1
475.167 289.167 1267.936 2
415.500 388.500 1270.634 1
424.500 388.500 1270.532 0
417.167 375.167 1271.098 2
339.833 577.833 1303.706 2
434.500 403.500 1270.896 1
436.500 418.500 1270.747 0
426.500 371.500 1270.996 1
998.500 369.500 1272.109 1
998.500 518.500 1239.346 0
971.167 361.167 1274.922 2
677.500 316.500 1272.429 1
681.167 361.167 1274.092 2
707.500 392.500 1273.019 1
706.500 390.500 1273.014 0
708.500 392.500 1273.019 0
725.167 485.167 1284.830 2
687.167 409.167 1277.666 2
706.500 383.500 1273.046 1
884.500 353.500 1273.649 1
915.833 341.833 1279.491 2
683.500 373.500 1273.789 1
681.833 361.833 1274.088 2
681.500 361.500 1274.086 1
954.500 365.500 1274.390 1
839.500 380.500 1275.313 1
793.167 445.167 1279.521 2
689.500 417.500 1277.633 1
687.833 415.833 1277.637 2
687.500 413.500 1277.657 1
772.500 435.500 1277.691 1
772.500 436.500 1277.690 0
811.500 447.500 1278.880 1
810.500 448.500 1278.878 0
741.167 555.167 1288.907 2
782.500 469.500 1279.076 1
786.500 470.500 1279.061 0
705.833 561.833 1290.773 2
795.500 463.500 1279.163 1
799.500 878.500 1279.647 1
798.500 878.500 1279.645 0
810.500 890.500 1279.299 0
885.833 879.833 1291.582 2
796.500 875.500 1279.650 1
796.500 876.500 1279.649 0
797.500 876.500 1279.655 1
832.500 919.500 1280.061 1
832.500 924.500 1280.040 0
721.500 494.500 1284.732 1
858.500 777.500 1285.911 1
858.500 782.500 1285.902 0
959.833 777.833 1293.794 2
843.833 777.833 1286.456 2
849.500 788.500 1286.075 1
743.500 716.500 1286.817 1
743.167 715.167 1286.816 2
713.167 733.167 1289.617 2
732.500 575.500 1287.625 1
730.500 574.500 1287.622 0
717.167 623.167 1294.243 2
707.500 707.500 1287.628 1
680.500 718.500 1286.782 0
693.833 673.833 1291.398 2
881.500 751.500 1288.274 1
869.167 743.167 1288.687 2
728.500 555.500 1288.352 1
893.500 817.500 1288.720 1
910.500 808.500 1288.135 0
709.500 740.500 1289.594 1
489.167 803.167 1324.320 2
705.500 656.500 1290.324 1
698.500 648.500 1290.194 0
706.500 656.500 1290.321 0
689.833 671.833 1291.376 2
707.500 656.500 1290.329 1
693.833 671.833 1291.390 2
920.500 851.500 1290.513 1
920.500 852.500 1290.513 0
995.833 827.833 1293.429 2
699.500 566.500 1290.652 1
611.167 619.167 1307.103 2
689.500 669.500 1291.376 1
601.167 643.167 1308.534 2
691.500 671.500 1291.385 1
693.500 673.500 1291.396 1
889.500 881.500 1291.583 1
887.167 881.167 1291.579 2
887.500 879.500 1291.583 1
993.500 856.500 1292.106 1
998.500 856.500 1292.056 0
969.500 795.500 1292.227 1
994.500 774.500 1291.685 0
692.500 609.500 1292.497 1
998.500 827.500 1293.397 1
969.500 766.500 1293.714 1
995.833 733.833 1295.953 2
998.500 735.500 1295.924 1
536.500 537.500 1298.961 1
542.500 550.500 1297.923 0
503.167 545.167 1299.998 2
481.500 541.500 1299.065 1
481.167 539.167 1299.073 2
479.500 539.500 1299.089 1
475.167 539.167 1299.076 2
503.500 558.500 1299.241 1
495.167 595.167 1305.322 2
522.500 569.500 1300.287 1
530.500 580.500 1299.134 0
609.833 617.833 1307.110 2
599.500 570.500 1300.964 1
335.500 582.500 1303.685 1
372.500 601.500 1304.075 1
372.500 602.500 1304.075 0
387.167 599.167 1304.976 2
389.500 606.500 1304.793 1
423.833 661.833 1317.192 2
365.500 619.500 1305.060 1
362.500 626.500 1305.011 0
497.500 600.500 1305.245 1
509.167 677.167 1317.300 2
547.500 998.500 1305.302 1
547.833 997.833 1305.304 2
611.500 624.500 1306.995 1
611.500 617.500 1307.116 1
598.500 645.500 1308.506 1
571.167 685.167 1314.056 2
187.500 642.500 1312.598 1
183.833 635.833 1312.801 2
560.500 689.500 1313.840 1
523.833 705.833 1315.840 2
439.500 728.500 1314.362 1
438.500 726.500 1314.357 0
440.500 728.500 1314.361 0
451.167 717.167 1314.897 2
455.833 773.833 1323.267 2
436.500 717.500 1314.520 1
453.500 725.500 1314.827 1
484.500 712.500 1313.707 0
451.500 712.500 1314.877 1
447.167 675.167 1317.182 2
537.500 717.500 1315.382 1
515.500 699.500 1315.793 1
515.833 701.833 1315.786 2
517.500 701.500 1315.791 1
517.833 703.833 1315.798 2
519.500 703.500 1315.813 1
521.833 705.833 1315.830 2
523.500 705.500 1315.838 1
486.500 679.500 1316.083 1
473.833 681.833 1316.149 2
472.500 681.500 1316.150 1
445.500 976.500 1316.531 1
440.500 974.500 1316.490 0
461.167 947.167 1318.357 2
437.500 669.500 1317.039 1
429.167 665.167 1317.169 2
521.500 677.500 1317.146 1
523.833 679.833 1317.145 2
427.500 665.500 1317.209 1
425.167 663.167 1317.228 2
423.500 663.500 1317.223 1
537.500 851.500 1317.542 1
526.500 862.500 1317.318 0
549.167 893.167 1320.570 2
475.833 869.833 1323.732 2
381.500 756.500 1317.854 1
380.500 756.500 1317.853 0
384.500 758.500 1317.803 0
383.167 739.167 1320.249 2
397.833 797.833 1323.855 2
453.500 941.500 1318.193 1
460.500 932.500 1318.049 0
311.833 991.833 1336.803 2
467.500 940.500 1318.240 1
489.167 923.167 1319.677 2
366.500 739.500 1319.227 1
353.167 755.167 1320.824 2
407.500 741.500 1319.292 1
481.500 911.500 1319.455 1
337.500 743.500 1319.526 1
330.500 772.500 1316.511 0
325.167 735.167 1320.080 2
497.500 923.500 1319.609 1
513.167 925.167 1320.028 2
387.500 730.500 1319.827 1
397.167 717.167 1321.333 2
331.500 824.500 1319.844 1
330.500 824.500 1319.834 0
332.500 826.500 1319.828 0
335.167 809.167 1321.329 2
235.167 931.167 1339.873 2
448.500 815.500 1319.908 1
446.500 808.500 1319.868 0
446.500 822.500 1319.884 0
314.500 737.500 1319.940 1
521.500 916.500 1319.953 1
441.500 837.500 1320.319 1
426.500 856.500 1319.171 0
467.833 841.833 1322.899 2
357.500 763.500 1320.562 1
317.500 812.500 1320.673 1
312.500 806.500 1320.558 0
331.833 809.833 1321.356 2
317.500 797.500 1320.781 1
355.500 827.500 1321.007 1
339.167 891.167 1332.270 2
351.167 821.167 1321.084 2
349.500 821.500 1321.108 1
347.167 821.167 1321.112 2
347.500 819.500 1321.129 1
345.167 819.167 1321.132 2
345.500 817.500 1321.144 1
391.500 828.500 1321.197 1
390.500 828.500 1321.193 0
390.500 827.500 1321.203 1
333.500 809.500 1321.356 1
456.500 885.500 1321.986 1
443.167 895.167 1323.173 2
431.500 906.500 1322.038 1
477.500 822.500 1322.272 1
432.500 785.500 1322.484 1
467.500 851.500 1322.857 1
469.500 775.500 1323.023 1
271.500 831.500 1325.104 1
266.500 836.500 1325.063 0
133.833 841.833 1346.297 2
351.500 921.500 1327.115 1
340.500 926.500 1326.768 0
322.500 897.500 1331.412 1
309.500 998.500 1336.493 1
226.500 933.500 1339.773 1
191.833 935.833 1345.587 2
144.500 797.500 1341.669 1
117.167 829.167 1347.044 2
132.500 919.500 1344.369 1
138.500 932.500 1343.972 0
163.167 919.167 1346.630 2
11.167 995.167 1372.094 2
151.500 938.500 1344.765 1
185.500 929.500 1345.469 1
126.500 851.500 1345.961 1
53.833 905.833 1356.082 2
129.500 837.500 1346.233 1
69.500 881.500 1354.128 1
65.833 871.833 1354.481 2
51.500 912.500 1356.058 1
0.500 995.500 1371.119 1
0.500 998.500 1371.019 0
11.500 998.500 1372.021 1
0 1
0 2
0 3
4 1
4 2
4 5
4 6
7 1
7 2
7 3
7 6
8 9
8 10
8 11
12 2
12 9
12 13
12 11
14 2
14 9
14 13
15 2
15 16
15 11
15 17
18 2
18 16
18 17
18 11
19 1
19 2
19 5
19 20
21 2
21 10
21 11
21 22
23 1
23 24
23 25
23 26
27 24
27 2
27 28
27 20
29 1
29 24
29 30
29 26
31 1
31 24
31 32
31 25
33 1
33 24
33 34
33 32
35 1
35 24
35 20
35 34
36 2
36 37
36 22
36 38
39 37
39 40
39 22
39 38
41 42
41 2
41 43
41 28
44 2
44 2
44 38
44 45
46 40
46 10
46 47
46 22
48 42
48 2
48 28
48 43
49 2
49 2
49 28
49 50
51 24
51 52
51 53
51 54
55 52
55 56
55 28
55 54
57 24
57 52
57 28
57 53
58 10
58 59
58 60
61 2
61 40
61 38
61 62
63 64
63 65
63 66
63 67
68 40
68 64
68 66
68 67
69 10
69 59
69 70
69 47
71 2
71 40
71 67
71 72
73 2
73 40
73 62
73 72
74 10
74 59
74 60
74 70
75 40
75 59
75 47
75 76
77 2
77 65
77 28
77 78
79 2
79 65
79 78
79 67
80 40
80 81
80 76
80 66
82 83
82 59
82 84
82 76
85 81
85 86
85 76
85 87
88 86
88 83
88 84
88 76
89 90
89 91
89 92
93 59
93 94
93 92
95 94
95 90
95 92
96 91
96 97
96 92
98 65
98 81
98 66
98 87
99 59
99 100
99 101
99 102
103 59
103 100
103 102
103 92
104 59
104 59
104 105
104 106
107 108
107 59
107 84
107 109
110 111
110 59
110 106
110 112
113 59
113 59
113 101
113 114
115 86
115 108
115 84
115 87
116 100
116 117
116 92
116 101
118 111
118 59
118 106
118 119
120 121
120 122
120 109
120 123
124 122
124 59
124 109
124 125
126 117
126 127
126 128
129 65
129 108
129 87
129 130
131 111
131 121
131 123
131 132
133 111
133 122
133 125
133 123
134 111
134 59
134 112
134 125
135 97
135 117
135 136
137 97
137 117
137 136
137 92
138 127
138 139
138 128
140 117
140 141
140 128
140 101
142 108
142 121
142 109
142 130
143 141
143 139
143 128
144 59
144 141
144 145
144 101
146 59
146 141
146 145
147 56
147 148
147 28
147 149
150 56
150 56
150 149
150 151
152 56
152 56
152 151
152 153
154 56
154 148
154 149
154 155
156 148
156 157
156 158
156 155
159 148
159 65
159 28
159 158
160 24
160 56
160 54
160 30
161 56
161 162
161 163
161 30
164 162
164 56
164 163
164 165
166 167
166 162
166 165
166 30
168 56
168 157
168 155
168 169
170 59
170 59
170 171
172 157
172 121
172 130
172 132
173 157
173 65
173 130
173 158
174 157
174 111
174 132
174 175
176 1
176 1
176 177
176 30
178 157
178 111
178 175
178 179
180 181
180 182
180 183
180 184
185 167
185 181
185 183
185 184
186 182
186 187
186 184
186 183
188 167
188 187
188 189
188 183
190 187
190 111
190 184
190 179
191 187
191 157
191 192
191 169
193 187
193 157
193 194
193 192
195 187
195 157
195 196
195 194
197 187
197 157
197 179
197 196
198 56
198 187
198 169
198 199
200 56
200 187
200 199
200 189
201 202
201 59
201 203
204 167
204 56
204 189
204 205
206 157
206 157
206 207
206 169
208 167
208 56
208 205
208 209
210 167
210 56
210 209
210 165
211 212
211 59
211 213
211 214
215 216
215 217
215 218
215 219
220 202
220 221
220 203
220 222
223 221
223 59
223 224
223 203
225 167
225 216
225 218
225 226
227 217
227 167
227 184
227 218
228 221
228 212
228 224
228 214
229 230
229 167
229 226
229 231
232 59
232 212
232 233
232 224
234 167
234 167
234 235
234 218
236 237
236 238
236 239
236 240
241 242
241 243
241 119
241 219
244 167
244 230
244 231
244 30
245 212
245 59
245 213
245 233
246 247
246 243
246 248
246 219
249 230
249 216
249 219
249 226
250 251
250 237
250 252
250 240
253 251
253 230
253 252
253 30
254 238
254 230
254 255
254 256
257 238
257 230
257 256
257 258
259 238
259 230
259 258
259 260
261 238
261 230
261 260
261 239
262 263
262 247
262 219
262 255
264 230
264 263
264 219
264 255
265 237
265 230
265 239
265 252
266 247
266 221
266 214
266 267
268 247
268 221
268 267
268 222
269 243
269 59
269 119
269 248
270 217
270 242
270 184
270 219
271 247
271 59
271 214
271 248
272 242
272 111
272 119
272 184
273 274
273 251
273 240
273 275
276 277
276 247
276 222
276 255
278 238
278 277
278 255
278 240
279 277
279 202
279 222
280 274
280 277
280 240
280 281
282 1
282 251
282 30
282 283
284 274
284 285
284 286
284 287
288 285
288 277
288 286
289 277
289 274
289 281
289 286
290 1
290 274
290 275
290 291
292 1
292 251
292 275
292 283
293 1
293 1
293 291
293 294
295 1
295 274
295 291
295 287
296 1
296 297
296 287
298 297
298 285
298 287
